f = 0
0.9716469631911089 1.0842030056053087 -3.341704333736424 -2.17274833838876 -2.4649276539595344 0.9903324642314146 -4.000422922606729 1.0206911916963657 1.9017113051804735 4.180294144420236 -0.7308433680489763 -3.75913351524372 4.528043818416222 -2.897331280086913 2.190898650476666 -2.0073776040814018 3.8453246179055576 2.547410552529059 1.677814468820472 4.831266956973691 
f = 0
0.9716469631911089 1.0842030056053087 -3.341704333736424 -2.17274833838876 -2.4649276539595344 0.9903324642314146 -4.000422922606729 1.0206911916963657 1.9017113051804735 4.180294144420236 -0.7308433680489763 -3.75913351524372 4.528043818416222 -2.897331280086913 2.190898650476666 -2.0073776040814018 3.8453246179055576 2.547410552529059 1.677814468820472 4.831266956973691 
f = 0
0.9716469631911089 1.0842030056053087 -3.341704333736424 -2.17274833838876 -2.4649276539595344 0.9903324642314146 -4.000422922606729 1.0206911916963657 1.9017113051804735 4.180294144420236 -0.7308433680489763 -3.75913351524372 4.528043818416222 -2.897331280086913 2.190898650476666 -2.0073776040814018 3.8453246179055576 2.547410552529059 1.677814468820472 4.831266956973691 
f = 0
0.9716469631911089 1.0842030056053087 -3.341704333736424 -2.17274833838876 -2.4649276539595344 0.9903324642314146 -4.000422922606729 1.0206911916963657 1.9017113051804735 4.180294144420236 -0.7308433680489763 -3.75913351524372 4.528043818416222 -2.897331280086913 2.190898650476666 -2.0073776040814018 3.8453246179055576 2.547410552529059 1.677814468820472 4.831266956973691 
f = 0
0.9716469631911089 1.0842030056053087 -3.341704333736424 -2.17274833838876 -2.4649276539595344 0.9903324642314146 -4.000422922606729 1.0206911916963657 1.9017113051804735 4.180294144420236 -0.7308433680489763 -3.75913351524372 4.528043818416222 -2.897331280086913 2.190898650476666 -2.0073776040814018 3.8453246179055576 2.547410552529059 1.677814468820472 4.831266956973691 
f = 0
0.9716469631911089 1.0842030056053087 -3.341704333736424 -2.17274833838876 -2.4649276539595344 0.9903324642314146 -4.000422922606729 1.0206911916963657 1.9017113051804735 4.180294144420236 -0.7308433680489763 -3.75913351524372 4.528043818416222 -2.897331280086913 2.190898650476666 -2.0073776040814018 3.8453246179055576 2.547410552529059 1.677814468820472 4.831266956973691 
f = 0
0.9716469631911089 1.0842030056053087 -3.341704333736424 -2.17274833838876 -2.4649276539595344 0.9903324642314146 -4.000422922606729 1.0206911916963657 1.9017113051804735 4.180294144420236 -0.7308433680489763 -3.75913351524372 4.528043818416222 -2.897331280086913 2.190898650476666 -2.0073776040814018 3.8453246179055576 2.547410552529059 1.677814468820472 4.831266956973691 
f = 0
0.9716469631911089 1.0842030056053087 -3.341704333736424 -2.17274833838876 -2.4649276539595344 0.9903324642314146 -4.000422922606729 1.0206911916963657 1.9017113051804735 4.180294144420236 -0.7308433680489763 -3.75913351524372 4.528043818416222 -2.897331280086913 2.190898650476666 -2.0073776040814018 3.8453246179055576 2.547410552529059 1.677814468820472 4.831266956973691 
f = 0
0.9716469631911089 1.0842030056053087 -3.341704333736424 -2.17274833838876 -2.4649276539595344 0.9903324642314146 -4.000422922606729 1.0206911916963657 1.9017113051804735 4.180294144420236 -0.7308433680489763 -3.75913351524372 4.528043818416222 -2.897331280086913 2.190898650476666 -2.0073776040814018 3.8453246179055576 2.547410552529059 1.677814468820472 4.831266956973691 
f = 0
0.9716469631911089 1.0842030056053087 -3.341704333736424 -2.17274833838876 -2.4649276539595344 0.9903324642314146 -4.000422922606729 1.0206911916963657 1.9017113051804735 4.180294144420236 -0.7308433680489763 -3.75913351524372 4.528043818416222 -2.897331280086913 2.190898650476666 -2.0073776040814018 3.8453246179055576 2.547410552529059 1.677814468820472 4.831266956973691 
f = 0
0.9716469631911089 1.0842030056053087 -3.341704333736424 -2.17274833838876 -2.4649276539595344 0.9903324642314146 -4.000422922606729 1.0206911916963657 1.9017113051804735 4.180294144420236 -0.7308433680489763 -3.75913351524372 4.528043818416222 -2.897331280086913 2.190898650476666 -2.0073776040814018 3.8453246179055576 2.547410552529059 1.677814468820472 4.831266956973691 
f = 0
0.9716469631911089 1.0842030056053087 -3.341704333736424 -2.17274833838876 -2.4649276539595344 0.9903324642314146 -4.000422922606729 1.0206911916963657 1.9017113051804735 4.180294144420236 -0.7308433680489763 -3.75913351524372 4.528043818416222 -2.897331280086913 2.190898650476666 -2.0073776040814018 3.8453246179055576 2.547410552529059 1.677814468820472 4.831266956973691 
f = 0
0.9716469631911089 1.0842030056053087 -3.341704333736424 -2.17274833838876 -2.4649276539595344 0.9903324642314146 -4.000422922606729 1.0206911916963657 1.9017113051804735 4.180294144420236 -0.7308433680489763 -3.75913351524372 4.528043818416222 -2.897331280086913 2.190898650476666 -2.0073776040814018 3.8453246179055576 2.547410552529059 1.677814468820472 4.831266956973691 
f = 0
0.9716469631911089 1.0842030056053087 -3.341704333736424 -2.17274833838876 -2.4649276539595344 0.9903324642314146 -4.000422922606729 1.0206911916963657 1.9017113051804735 4.180294144420236 -0.7308433680489763 -3.75913351524372 4.528043818416222 -2.897331280086913 2.190898650476666 -2.0073776040814018 3.8453246179055576 2.547410552529059 1.677814468820472 4.831266956973691 
f = 0
0.9716469631911089 1.0842030056053087 -3.341704333736424 -2.17274833838876 -2.4649276539595344 0.9903324642314146 -4.000422922606729 1.0206911916963657 1.9017113051804735 4.180294144420236 -0.7308433680489763 -3.75913351524372 4.528043818416222 -2.897331280086913 2.190898650476666 -2.0073776040814018 3.8453246179055576 2.547410552529059 1.677814468820472 4.831266956973691 
f = 0
0.9716469631911089 1.0842030056053087 -3.341704333736424 -2.17274833838876 -2.4649276539595344 0.9903324642314146 -4.000422922606729 1.0206911916963657 1.9017113051804735 4.180294144420236 -0.7308433680489763 -3.75913351524372 4.528043818416222 -2.897331280086913 2.190898650476666 -2.0073776040814018 3.8453246179055576 2.547410552529059 1.677814468820472 4.831266956973691 
f = 0
0.9716469631911089 1.0842030056053087 -3.341704333736424 -2.17274833838876 -2.4649276539595344 0.9903324642314146 -4.000422922606729 1.0206911916963657 1.9017113051804735 4.180294144420236 -0.7308433680489763 -3.75913351524372 4.528043818416222 -2.897331280086913 2.190898650476666 -2.0073776040814018 3.8453246179055576 2.547410552529059 1.677814468820472 4.831266956973691 
f = 0
0.9716469631911089 1.0842030056053087 -3.341704333736424 -2.17274833838876 -2.4649276539595344 0.9903324642314146 -4.000422922606729 1.0206911916963657 1.9017113051804735 4.180294144420236 -0.7308433680489763 -3.75913351524372 4.528043818416222 -2.897331280086913 2.190898650476666 -2.0073776040814018 3.8453246179055576 2.547410552529059 1.677814468820472 4.831266956973691 
f = 0
0.9716469631911089 1.0842030056053087 -3.341704333736424 -2.17274833838876 -2.4649276539595344 0.9903324642314146 -4.000422922606729 1.0206911916963657 1.9017113051804735 4.180294144420236 -0.7308433680489763 -3.75913351524372 4.528043818416222 -2.897331280086913 2.190898650476666 -2.0073776040814018 3.8453246179055576 2.547410552529059 1.677814468820472 4.831266956973691 
f = 0
0.9716469631911089 1.0842030056053087 -3.341704333736424 -2.17274833838876 -2.4649276539595344 0.9903324642314146 -4.000422922606729 1.0206911916963657 1.9017113051804735 4.180294144420236 -0.7308433680489763 -3.75913351524372 4.528043818416222 -2.897331280086913 2.190898650476666 -2.0073776040814018 3.8453246179055576 2.547410552529059 1.677814468820472 4.831266956973691 

Iteracion 1
f = 307.66896505854567
0.9716469631911089 1.0842030056053087 -3.341704333736424 -2.17274833838876 -2.4649276539595344 0.9903324642314146 -4.000422922606729 1.0206911916963657 1.9017113051804735 4.180294144420236 -0.7308433680489763 -3.75913351524372 4.528043818416222 -2.897331280086913 2.190898650476666 -2.0073776040814018 3.8453246179055576 2.547410552529059 1.677814468820472 4.831266956973691 
Iteracion 2
f = 197.3920880217872
0 0 0 0 0 0 0 0 0 0 0 0 0 0 0 0 0 0 0 0 
Iteracion 3
f = 197.3920880217872
0 0 0 0 0 0 0 0 0 0 0 0 0 0 0 0 0 0 0 0 
Iteracion 4
f = 197.3920880217872
0 0 0 0 0 0 0 0 0 0 0 0 0 0 0 0 0 0 0 0 
Iteracion 5
f = 197.3920880217872
0 0 0 0 0 0 0 0 0 0 0 0 0 0 0 0 0 0 0 0 
Iteracion 6
f = 197.3920880217872
0 0 0 0 0 0 0 0 0 0 0 0 0 0 0 0 0 0 0 0 
Iteracion 7
f = 197.3920880217872
0 0 0 0 0 0 0 0 0 0 0 0 0 0 0 0 0 0 0 0 
Iteracion 8
f = 197.3920880217872
0 0 0 0 0 0 0 0 0 0 0 0 0 0 0 0 0 0 0 0 
Iteracion 9
f = 197.3920880217872
0 0 0 0 0 0 0 0 0 0 0 0 0 0 0 0 0 0 0 0 
Iteracion 10
f = 197.3920880217872
0 0 0 0 0 0 0 0 0 0 0 0 0 0 0 0 0 0 0 0 
Iteracion 11
f = 197.3920880217872
0 0 0 0 0 0 0 0 0 0 0 0 0 0 0 0 0 0 0 0 
Iteracion 12
f = 197.3920880217872
0 0 0 0 0 0 0 0 0 0 0 0 0 0 0 0 0 0 0 0 
Iteracion 13
f = 197.3920880217872
0 0 0 0 0 0 0 0 0 0 0 0 0 0 0 0 0 0 0 0 
Iteracion 14
f = 197.3920880217872
0 0 0 0 0 0 0 0 0 0 0 0 0 0 0 0 0 0 0 0 
Iteracion 15
f = 197.3920880217872
0 0 0 0 0 0 0 0 0 0 0 0 0 0 0 0 0 0 0 0 
Iteracion 16
f = 197.3920880217872
0 0 0 0 0 0 0 0 0 0 0 0 0 0 0 0 0 0 0 0 
Iteracion 17
f = 197.3920880217872
0 0 0 0 0 0 0 0 0 0 0 0 0 0 0 0 0 0 0 0 
Iteracion 18
f = 197.3920880217872
0 0 0 0 0 0 0 0 0 0 0 0 0 0 0 0 0 0 0 0 
Iteracion 19
f = 197.3920880217872
0 0 0 0 0 0 0 0 0 0 0 0 0 0 0 0 0 0 0 0 
Iteracion 20
f = 197.3920880217872
0 0 0 0 0 0 0 0 0 0 0 0 0 0 0 0 0 0 0 0 
Iteracion 21
f = 197.3920880217872
0 0 0 0 0 0 0 0 0 0 0 0 0 0 0 0 0 0 0 0 
Iteracion 22
f = 197.3920880217872
0 0 0 0 0 0 0 0 0 0 0 0 0 0 0 0 0 0 0 0 
Iteracion 23
f = 197.3920880217872
0 0 0 0 0 0 0 0 0 0 0 0 0 0 0 0 0 0 0 0 
Iteracion 24
f = 197.3920880217872
0 0 0 0 0 0 0 0 0 0 0 0 0 0 0 0 0 0 0 0 
Iteracion 25
f = 197.3920880217872
0 0 0 0 0 0 0 0 0 0 0 0 0 0 0 0 0 0 0 0 
Iteracion 26
f = 197.3920880217872
0 0 0 0 0 0 0 0 0 0 0 0 0 0 0 0 0 0 0 0 
Iteracion 27
f = 197.3920880217872
0 0 0 0 0 0 0 0 0 0 0 0 0 0 0 0 0 0 0 0 
Iteracion 28
f = 197.3920880217872
0 0 0 0 0 0 0 0 0 0 0 0 0 0 0 0 0 0 0 0 
Iteracion 29
f = 197.3920880217872
0 0 0 0 0 0 0 0 0 0 0 0 0 0 0 0 0 0 0 0 
Iteracion 30
f = 197.3920880217872
0 0 0 0 0 0 0 0 0 0 0 0 0 0 0 0 0 0 0 0 
